4.000000e-004 3.175345e-006
4.040000e-004 1.991833e-006
4.080400e-004 9.602713e-007
4.121204e-004 6.972949e-008
4.162416e-004 -6.902450e-007
4.204040e-004 -1.329636e-006
4.246081e-004 -1.857972e-006
4.288541e-004 -2.284334e-006
4.331427e-004 -2.617370e-006
4.374741e-004 -2.865306e-006
4.418489e-004 -3.035955e-006
4.462673e-004 -3.136732e-006
4.507300e-004 -3.174660e-006
4.552373e-004 -3.156386e-006
4.597897e-004 -3.088189e-006
4.643876e-004 -2.975993e-006
4.690315e-004 -2.825375e-006
4.737218e-004 -2.641579e-006
4.784590e-004 -2.429525e-006
4.832436e-004 -2.193818e-006
4.880760e-004 -1.938762e-006
4.929568e-004 -1.668370e-006
4.978863e-004 -1.386368e-006
5.028652e-004 -1.096215e-006
5.078939e-004 -8.011055e-007
5.129728e-004 -5.039820e-007
5.181025e-004 -2.075451e-007
5.232836e-004 8.573736e-008
5.285164e-004 3.736211e-007
5.338016e-004 6.540754e-007
5.391396e-004 9.252746e-007
5.445310e-004 1.185588e-006
5.499763e-004 1.433574e-006
5.554760e-004 1.667965e-006
5.610308e-004 1.887666e-006
5.666411e-004 2.091743e-006
5.723075e-004 2.279413e-006
5.780306e-004 2.450040e-006
5.838109e-004 2.603122e-006
5.896490e-004 2.738289e-006
5.955455e-004 2.855291e-006
6.015009e-004 2.953993e-006
6.075160e-004 3.034365e-006
6.135911e-004 3.096479e-006
6.197270e-004 3.140500e-006
6.259243e-004 3.166678e-006
6.321835e-004 3.175345e-006
6.385054e-004 3.166905e-006
6.448904e-004 3.141829e-006
6.513393e-004 3.100653e-006
6.578527e-004 3.043964e-006
6.644313e-004 2.972404e-006
6.710756e-004 2.886658e-006
6.777863e-004 2.787449e-006
6.845642e-004 2.675539e-006
6.914098e-004 2.551717e-006
6.983239e-004 2.416797e-006
7.053072e-004 2.271617e-006
7.123602e-004 2.117028e-006
7.194838e-004 1.953898e-006
7.266787e-004 1.783099e-006
7.339455e-004 1.605512e-006
7.412849e-004 1.422018e-006
7.486978e-004 1.233495e-006
7.561847e-004 1.040818e-006
7.637466e-004 8.448529e-007
7.713841e-004 6.464554e-007
7.790979e-004 4.464670e-007
7.868889e-004 2.457135e-007
7.947578e-004 4.500237e-008
8.027053e-004 -1.548796e-007
8.107324e-004 -3.531680e-007
8.188397e-004 -5.491232e-007
8.270281e-004 -7.420315e-007
8.352984e-004 -9.312070e-007
8.436514e-004 -1.115993e-006
8.520879e-004 -1.295763e-006
8.606088e-004 -1.469922e-006
8.692149e-004 -1.637909e-006
8.779070e-004 -1.799194e-006
8.866861e-004 -1.953284e-006
8.955529e-004 -2.099718e-006
9.045085e-004 -2.238073e-006
9.135536e-004 -2.367959e-006
9.226891e-004 -2.489025e-006
9.319160e-004 -2.600953e-006
9.412351e-004 -2.703463e-006
9.506475e-004 -2.796312e-006
9.601540e-004 -2.879291e-006
9.697555e-004 -2.952227e-006
9.794531e-004 -3.014983e-006
9.892476e-004 -3.067458e-006
9.991401e-004 -3.109582e-006
1.009131e-003 -3.141323e-006
1.019223e-003 -3.162679e-006
1.029415e-003 -3.173683e-006
1.039709e-003 -3.174397e-006
1.050106e-003 -3.164915e-006
1.060607e-003 -3.145362e-006
1.071213e-003 -3.115889e-006
1.081926e-003 -3.076679e-006
1.092745e-003 -3.027937e-006
1.103672e-003 -2.969897e-006
1.114709e-003 -2.902816e-006
1.125856e-003 -2.826975e-006
1.137115e-003 -2.742677e-006
1.148486e-003 -2.650244e-006
1.159971e-003 -2.550021e-006
1.171570e-003 -2.442367e-006
1.183286e-003 -2.327661e-006
1.195119e-003 -2.206297e-006
1.207070e-003 -2.078681e-006
1.219141e-003 -1.945236e-006
1.231332e-003 -1.806391e-006
1.243645e-003 -1.662590e-006
1.256082e-003 -1.514283e-006
1.268643e-003 -1.361929e-006
1.281329e-003 -1.205992e-006
1.294142e-003 -1.046940e-006
1.307084e-003 -8.852462e-007
1.320155e-003 -7.213849e-007
1.333356e-003 -5.558315e-007
1.346690e-003 -3.890606e-007
1.360157e-003 -2.215456e-007
1.373758e-003 -5.375661e-008
1.387496e-003 1.138400e-007
1.401371e-003 2.807834e-007
1.415385e-003 4.466189e-007
1.429538e-003 6.108992e-007
1.443834e-003 7.731856e-007
1.458272e-003 9.330489e-007
1.472855e-003 1.090070e-006
1.487583e-003 1.243842e-006
1.502459e-003 1.393970e-006
1.517484e-003 1.540071e-006
1.532659e-003 1.681778e-006
1.547985e-003 1.818736e-006
1.563465e-003 1.950609e-006
1.579100e-003 2.077074e-006
1.594891e-003 2.197826e-006
1.610840e-003 2.312576e-006
1.626948e-003 2.421055e-006
1.643218e-003 2.523011e-006
1.659650e-003 2.618210e-006
1.676246e-003 2.706438e-006
1.693009e-003 2.787499e-006
1.709939e-003 2.861219e-006
1.727038e-003 2.927442e-006
1.744309e-003 2.986031e-006
1.761752e-003 3.036873e-006
1.779369e-003 3.079871e-006
1.797163e-003 3.114950e-006
1.815134e-003 3.142057e-006
1.833286e-003 3.161155e-006
1.851619e-003 3.172231e-006
1.870135e-003 3.175290e-006
1.888836e-003 3.170356e-006
1.907725e-003 3.157476e-006
1.926802e-003 3.136711e-006
1.946070e-003 3.108145e-006
1.965531e-003 3.071878e-006
1.985186e-003 3.028030e-006
2.005038e-003 2.976737e-006
2.025088e-003 2.918154e-006
2.045339e-003 2.852450e-006
2.065792e-003 2.779813e-006
2.086450e-003 2.700445e-006
2.107315e-003 2.614562e-006
2.128388e-003 2.522397e-006
2.149672e-003 2.424194e-006
2.171169e-003 2.320212e-006
2.192880e-003 2.210722e-006
2.214809e-003 2.096005e-006
2.236957e-003 1.976354e-006
2.259327e-003 1.852072e-006
2.281920e-003 1.723472e-006
2.304739e-003 1.590874e-006
2.327787e-003 1.454608e-006
2.351064e-003 1.315007e-006
2.374575e-003 1.172415e-006
2.398321e-003 1.027177e-006
2.422304e-003 8.796456e-007
2.446527e-003 7.301749e-007
2.470992e-003 5.791227e-007
2.495702e-003 4.268487e-007
2.520659e-003 2.737137e-007
2.545866e-003 1.200786e-007
2.571325e-003 -3.369594e-008
2.597038e-003 -1.872508e-007
2.623008e-003 -3.402290e-007
2.649238e-003 -4.922763e-007
2.675731e-003 -6.430423e-007
2.702488e-003 -7.921811e-007
2.729513e-003 -9.393519e-007
2.756808e-003 -1.084220e-006
2.784376e-003 -1.226457e-006
2.812220e-003 -1.365742e-006
2.840342e-003 -1.501764e-006
2.868745e-003 -1.634216e-006
2.897433e-003 -1.762806e-006
2.926407e-003 -1.887247e-006
2.955671e-003 -2.007266e-006
2.985228e-003 -2.122599e-006
3.015080e-003 -2.232996e-006
3.045231e-003 -2.338215e-006
3.075683e-003 -2.438030e-006
3.106440e-003 -2.532227e-006
3.137505e-003 -2.620605e-006
3.168880e-003 -2.702977e-006
3.200568e-003 -2.779170e-006
3.232574e-003 -2.849026e-006
3.264900e-003 -2.912401e-006
3.297549e-003 -2.969166e-006
3.330524e-003 -3.019207e-006
3.363830e-003 -3.062426e-006
3.397468e-003 -3.098740e-006
3.431443e-003 -3.128081e-006
3.465757e-003 -3.150398e-006
3.500415e-003 -3.165654e-006
3.535419e-003 -3.173831e-006
3.570773e-003 -3.174921e-006
3.606481e-003 -3.168938e-006
3.642545e-003 -3.155907e-006
3.678971e-003 -3.135870e-006
3.715761e-003 -3.108884e-006
3.752918e-003 -3.075022e-006
3.790447e-003 -3.034370e-006
3.828352e-003 -2.987031e-006
3.866635e-003 -2.933119e-006
3.905302e-003 -2.872767e-006
3.944355e-003 -2.806116e-006
3.983798e-003 -2.733324e-006
4.023636e-003 -2.654561e-006
4.063873e-003 -2.570009e-006
4.104511e-003 -2.479864e-006
4.145556e-003 -2.384331e-006
4.187012e-003 -2.283627e-006
4.228882e-003 -2.177981e-006
4.271171e-003 -2.067630e-006
4.313883e-003 -1.952822e-006
4.357021e-003 -1.833814e-006
4.400592e-003 -1.710870e-006
4.444598e-003 -1.584264e-006
4.489044e-003 -1.454276e-006
4.533934e-003 -1.321192e-006
4.579273e-003 -1.185305e-006
4.625066e-003 -1.046913e-006
4.671317e-003 -9.063181e-007
4.718030e-003 -7.638277e-007
4.765210e-003 -6.197516e-007
4.812862e-003 -4.744024e-007
4.860991e-003 -3.280949e-007
4.909601e-003 -1.811452e-007
4.958697e-003 -3.386995e-008
5.008284e-003 1.134140e-007
5.058367e-003 2.603906e-007
5.108950e-003 4.067451e-007
5.160040e-003 5.521647e-007
5.211640e-003 6.963392e-007
5.263757e-003 8.389619e-007
5.316394e-003 9.797298e-007
5.369558e-003 1.118345e-006
5.423254e-003 1.254513e-006
5.477486e-003 1.387948e-006
5.532261e-003 1.518367e-006
5.587584e-003 1.645498e-006
5.643460e-003 1.769073e-006
5.699894e-003 1.888834e-006
5.756893e-003 2.004530e-006
5.814462e-003 2.115921e-006
5.872607e-003 2.222775e-006
5.931333e-003 2.324870e-006
5.990646e-003 2.421995e-006
6.050553e-003 2.513951e-006
6.111058e-003 2.600548e-006
6.172169e-003 2.681608e-006
6.233890e-003 2.756967e-006
6.296229e-003 2.826470e-006
6.359191e-003 2.889977e-006
6.422783e-003 2.947361e-006
6.487011e-003 2.998507e-006
6.551881e-003 3.043312e-006
6.617400e-003 3.081689e-006
6.683574e-003 3.113564e-006
6.750410e-003 3.138875e-006
6.817914e-003 3.157575e-006
6.886093e-003 3.169633e-006
6.954954e-003 3.175027e-006
7.024504e-003 3.173754e-006
7.094749e-003 3.165821e-006
7.165696e-003 3.151252e-006
7.237353e-003 3.130082e-006
7.309727e-003 3.102362e-006
7.382824e-003 3.068156e-006
7.456652e-003 3.027540e-006
7.531219e-003 2.980605e-006
7.606531e-003 2.927454e-006
7.682596e-003 2.868202e-006
7.759422e-003 2.802980e-006
7.837016e-003 2.731926e-006
7.915387e-003 2.655195e-006
7.994540e-003 2.572949e-006
8.074486e-003 2.485366e-006
8.155231e-003 2.392630e-006
8.236783e-003 2.294939e-006
8.319151e-003 2.192499e-006
8.402342e-003 2.085528e-006
8.486366e-003 1.974249e-006
8.571229e-003 1.858897e-006
8.656942e-003 1.739715e-006
8.743511e-003 1.616951e-006
8.830946e-003 1.490864e-006
8.919256e-003 1.361715e-006
9.008448e-003 1.229776e-006
9.098533e-003 1.095320e-006
9.189518e-003 9.586276e-007
9.281413e-003 8.199825e-007
9.374227e-003 6.796726e-007
9.467970e-003 5.379886e-007
9.562649e-003 3.952239e-007
9.658276e-003 2.516738e-007
9.754859e-003 1.076349e-007
9.852407e-003 -3.659563e-008
9.950931e-003 -1.807204e-007
1.005044e-002 -3.244427e-007
1.015094e-002 -4.674667e-007
1.025245e-002 -6.094986e-007
1.035498e-002 -7.502468e-007
1.045853e-002 -8.894225e-007
1.056311e-002 -1.026741e-006
1.066875e-002 -1.161920e-006
1.077543e-002 -1.294684e-006
1.088319e-002 -1.424762e-006
1.099202e-002 -1.551888e-006
1.110194e-002 -1.675803e-006
1.121296e-002 -1.796254e-006
1.132509e-002 -1.912997e-006
1.143834e-002 -2.025794e-006
1.155272e-002 -2.134417e-006
1.166825e-002 -2.238644e-006
1.178493e-002 -2.338266e-006
1.190278e-002 -2.433079e-006
1.202181e-002 -2.522894e-006
1.214203e-002 -2.607528e-006
1.226345e-002 -2.686812e-006
1.238608e-002 -2.760586e-006
1.250994e-002 -2.828701e-006
1.263504e-002 -2.891022e-006
1.276139e-002 -2.947424e-006
1.288901e-002 -2.997795e-006
1.301790e-002 -3.042035e-006
1.314808e-002 -3.080056e-006
1.327956e-002 -3.111785e-006
1.341235e-002 -3.137158e-006
1.354648e-002 -3.156127e-006
1.368194e-002 -3.168658e-006
1.381876e-002 -3.174726e-006
1.395695e-002 -3.174322e-006
1.409652e-002 -3.167450e-006
1.423748e-002 -3.154127e-006
1.437986e-002 -3.134383e-006
1.452366e-002 -3.108261e-006
1.466889e-002 -3.075816e-006
1.481558e-002 -3.037117e-006
1.496374e-002 -2.992245e-006
1.511337e-002 -2.941295e-006
1.526451e-002 -2.884371e-006
1.541715e-002 -2.821592e-006
1.557132e-002 -2.753089e-006
1.572704e-002 -2.679001e-006
1.588431e-002 -2.599482e-006
1.604315e-002 -2.514695e-006
1.620358e-002 -2.424814e-006
1.636562e-002 -2.330023e-006
1.652927e-002 -2.230517e-006
1.669457e-002 -2.126498e-006
1.686151e-002 -2.018180e-006
1.703013e-002 -1.905782e-006
1.720043e-002 -1.789536e-006
1.737243e-002 -1.669676e-006
1.754616e-002 -1.546448e-006
1.772162e-002 -1.420101e-006
1.789884e-002 -1.290892e-006
1.807782e-002 -1.159085e-006
1.825860e-002 -1.024946e-006
1.844119e-002 -8.887479e-007
1.862560e-002 -7.507662e-007
1.881186e-002 -6.112806e-007
1.899997e-002 -4.705737e-007
1.918997e-002 -3.289300e-007
1.938187e-002 -1.866362e-007
1.957569e-002 -4.397989e-008
1.977145e-002 9.875076e-008
1.996916e-002 2.412675e-007
2.016886e-002 3.832826e-007
2.037054e-002 5.245096e-007
2.057425e-002 6.646638e-007
2.077999e-002 8.034626e-007
2.098779e-002 9.406264e-007
2.119767e-002 1.075879e-006
2.140965e-002 1.208948e-006
2.162374e-002 1.339567e-006
2.183998e-002 1.467471e-006
2.205838e-002 1.592405e-006
2.227896e-002 1.714117e-006
2.250175e-002 1.832364e-006
2.272677e-002 1.946906e-006
2.295404e-002 2.057516e-006
2.318358e-002 2.163971e-006
2.341542e-002 2.266058e-006
2.364957e-002 2.363573e-006
2.388607e-002 2.456320e-006
2.412493e-002 2.544114e-006
2.436618e-002 2.626780e-006
2.460984e-002 2.704152e-006
2.485594e-002 2.776076e-006
2.510449e-002 2.842409e-006
2.535554e-002 2.903019e-006
2.560910e-002 2.957785e-006
2.586519e-002 3.006599e-006
2.612384e-002 3.049363e-006
2.638508e-002 3.085994e-006
2.664893e-002 3.116418e-006
2.691542e-002 3.140577e-006
2.718457e-002 3.158423e-006
2.745642e-002 3.169921e-006
2.773098e-002 3.175050e-006
2.800829e-002 3.173801e-006
2.828837e-002 3.166178e-006
2.857126e-002 3.152197e-006
2.885697e-002 3.131888e-006
2.914554e-002 3.105293e-006
2.943699e-002 3.072467e-006
2.973136e-002 3.033475e-006
3.002868e-002 2.988399e-006
3.032896e-002 2.937330e-006
3.063225e-002 2.880370e-006
3.093858e-002 2.817637e-006
3.124796e-002 2.749255e-006
3.156044e-002 2.675364e-006
3.187605e-002 2.596113e-006
3.219481e-002 2.511662e-006
3.251676e-002 2.422180e-006
3.284192e-002 2.327848e-006
3.317034e-002 2.228856e-006
3.350205e-002 2.125403e-006
3.383707e-002 2.017697e-006
3.417544e-002 1.905954e-006
3.451719e-002 1.790400e-006
3.486236e-002 1.671265e-006
3.521099e-002 1.548789e-006
3.556310e-002 1.423219e-006
3.591873e-002 1.294805e-006
3.627791e-002 1.163805e-006
3.664069e-002 1.030482e-006
3.700710e-002 8.951035e-007
3.737717e-002 7.579400e-007
3.775094e-002 6.192665e-007
3.812845e-002 4.793607e-007
3.850974e-002 3.385026e-007
3.889483e-002 1.969742e-007
3.928378e-002 5.505854e-008
3.967662e-002 -8.696039e-008
4.007339e-002 -2.287986e-007
4.047412e-002 -3.701725e-007
4.087886e-002 -5.107996e-007
4.128765e-002 -6.503987e-007
4.170053e-002 -7.886909e-007
4.211753e-002 -9.254001e-007
4.253871e-002 -1.060253e-006
4.296410e-002 -1.192981e-006
4.339374e-002 -1.323318e-006
4.382767e-002 -1.451005e-006
4.426595e-002 -1.575787e-006
4.470861e-002 -1.697414e-006
4.515570e-002 -1.815645e-006
4.560725e-002 -1.930243e-006
4.606333e-002 -2.040981e-006
4.652396e-002 -2.147636e-006
4.698920e-002 -2.249998e-006
4.745909e-002 -2.347862e-006
4.793368e-002 -2.441032e-006
4.841302e-002 -2.529325e-006
4.889715e-002 -2.612563e-006
4.938612e-002 -2.690581e-006
4.987998e-002 -2.763225e-006
5.037878e-002 -2.830349e-006
5.088257e-002 -2.891821e-006
5.139139e-002 -2.947518e-006
5.190531e-002 -2.997330e-006
5.242436e-002 -3.041158e-006
5.294860e-002 -3.078915e-006
5.347809e-002 -3.110526e-006
5.401287e-002 -3.135929e-006
5.455300e-002 -3.155074e-006
5.509853e-002 -3.167924e-006
5.564952e-002 -3.174453e-006
5.620601e-002 -3.174648e-006
5.676807e-002 -3.168511e-006
5.733575e-002 -3.156054e-006
5.790911e-002 -3.137302e-006
5.848820e-002 -3.112293e-006
5.907308e-002 -3.081078e-006
5.966381e-002 -3.043720e-006
6.026045e-002 -3.000293e-006
6.086306e-002 -2.950885e-006
6.147169e-002 -2.895595e-006
6.208640e-002 -2.834533e-006
6.270727e-002 -2.767821e-006
6.333434e-002 -2.695594e-006
6.396768e-002 -2.617995e-006
6.460736e-002 -2.535179e-006
6.525343e-002 -2.447312e-006
6.590597e-002 -2.354570e-006
6.656503e-002 -2.257137e-006
6.723068e-002 -2.155208e-006
6.790298e-002 -2.048987e-006
6.858201e-002 -1.938686e-006
6.926783e-002 -1.824523e-006
6.996051e-002 -1.706728e-006
7.066012e-002 -1.585535e-006
7.136672e-002 -1.461186e-006
7.208039e-002 -1.333929e-006
7.280119e-002 -1.204017e-006
7.352920e-002 -1.071709e-006
7.426449e-002 -9.372692e-007
7.500714e-002 -8.009653e-007
7.575721e-002 -6.630687e-007
7.651478e-002 -5.238543e-007
7.727993e-002 -3.835994e-007
7.805273e-002 -2.425832e-007
7.883326e-002 -1.010867e-007
7.962159e-002 4.060848e-008
8.041781e-002 1.822201e-007
8.122198e-002 3.234662e-007
8.203420e-002 4.640657e-007
8.285455e-002 6.037386e-007
8.368309e-002 7.422069e-007
8.451992e-002 8.791951e-007
8.536512e-002 1.014431e-006
8.621877e-002 1.147644e-006
8.708096e-002 1.278571e-006
8.795177e-002 1.406950e-006
8.883129e-002 1.532526e-006
8.971960e-002 1.655050e-006
9.061680e-002 1.774277e-006
9.152296e-002 1.889971e-006
9.243819e-002 2.001901e-006
9.336258e-002 2.109845e-006
9.429620e-002 2.213588e-006
9.523916e-002 2.312924e-006
9.619156e-002 2.407656e-006
9.715347e-002 2.497594e-006
9.812501e-002 2.582561e-006
9.910626e-002 2.662387e-006
1.000973e-001 2.736915e-006
1.010983e-001 2.805994e-006
1.021093e-001 2.869489e-006
1.031304e-001 2.927274e-006
1.041617e-001 2.979233e-006
1.052033e-001 3.025263e-006
1.062553e-001 3.065274e-006
1.073179e-001 3.099185e-006
1.083911e-001 3.126929e-006
1.094750e-001 3.148452e-006
1.105697e-001 3.163710e-006
1.116754e-001 3.172673e-006
1.127922e-001 3.175325e-006
1.139201e-001 3.171659e-006
1.150593e-001 3.161684e-006
1.162099e-001 3.145418e-006
1.173720e-001 3.122896e-006
1.185457e-001 3.094161e-006
1.197312e-001 3.059270e-006
1.209285e-001 3.018295e-006
1.221378e-001 2.971315e-006
1.233591e-001 2.918426e-006
1.245927e-001 2.859731e-006
1.258386e-001 2.795348e-006
1.270970e-001 2.725405e-006
1.283680e-001 2.650041e-006
1.296517e-001 2.569407e-006
1.309482e-001 2.483662e-006
1.322577e-001 2.392977e-006
1.335803e-001 2.297534e-006
1.349161e-001 2.197520e-006
1.362652e-001 2.093137e-006
1.376279e-001 1.984590e-006
1.390042e-001 1.872096e-006
1.403942e-001 1.755880e-006
1.417981e-001 1.636171e-006
1.432161e-001 1.513209e-006
1.446483e-001 1.387237e-006
1.460948e-001 1.258507e-006
1.475557e-001 1.127273e-006
1.490313e-001 9.937982e-007
1.505216e-001 8.583469e-007
1.520268e-001 7.211886e-007
1.535471e-001 5.825961e-007
1.550825e-001 4.428451e-007
1.566334e-001 3.022134e-007
1.581997e-001 1.609808e-007
1.597817e-001 1.942801e-008
1.613795e-001 -1.221634e-007
1.629933e-001 -2.635118e-007
1.646232e-001 -4.043362e-007
1.662695e-001 -5.443566e-007
1.679322e-001 -6.832944e-007
1.696115e-001 -8.208733e-007
1.713076e-001 -9.568199e-007
1.730207e-001 -1.090864e-006
1.747509e-001 -1.222738e-006
1.764984e-001 -1.352181e-006
1.782634e-001 -1.478934e-006
1.800460e-001 -1.602747e-006
1.818465e-001 -1.723372e-006
1.836649e-001 -1.840570e-006
1.855016e-001 -1.954107e-006
1.873566e-001 -2.063759e-006
1.892302e-001 -2.169305e-006
1.911225e-001 -2.270538e-006
1.930337e-001 -2.367255e-006
1.949640e-001 -2.459263e-006
1.969137e-001 -2.546381e-006
1.988828e-001 -2.628434e-006
2.008716e-001 -2.705259e-006
2.028803e-001 -2.776703e-006
2.049092e-001 -2.842625e-006
2.069582e-001 -2.902892e-006
2.090278e-001 -2.957386e-006
2.111181e-001 -3.005997e-006
2.132293e-001 -3.048629e-006
2.153616e-001 -3.085196e-006
2.175152e-001 -3.115626e-006
2.196903e-001 -3.139859e-006
2.218872e-001 -3.157845e-006
2.241061e-001 -3.169549e-006
2.263472e-001 -3.174948e-006
2.286107e-001 -3.174030e-006
2.308968e-001 -3.166797e-006
2.332057e-001 -3.153264e-006
2.355378e-001 -3.133457e-006
2.378932e-001 -3.107416e-006
2.402721e-001 -3.075191e-006
2.426748e-001 -3.036848e-006
2.451016e-001 -2.992461e-006
2.475526e-001 -2.942119e-006
2.500281e-001 -2.885923e-006
2.525284e-001 -2.823983e-006
2.550537e-001 -2.756423e-006
2.576042e-001 -2.683377e-006
2.601802e-001 -2.604991e-006
2.627821e-001 -2.521419e-006
2.654099e-001 -2.432827e-006
2.680640e-001 -2.339393e-006
2.707446e-001 -2.241302e-006
2.734521e-001 -2.138749e-006
2.761866e-001 -2.031937e-006
2.789484e-001 -1.921079e-006
2.817379e-001 -1.806396e-006
2.845553e-001 -1.688116e-006
2.874009e-001 -1.566473e-006
2.902749e-001 -1.441710e-006
2.931776e-001 -1.314076e-006
2.961094e-001 -1.183823e-006
2.990705e-001 -1.051211e-006
3.020612e-001 -9.165040e-007
3.050818e-001 -7.799701e-007
3.081326e-001 -6.418808e-007
3.112139e-001 -5.025111e-007
3.143261e-001 -3.621382e-007
3.174693e-001 -2.210417e-007
3.206440e-001 -7.950239e-008
3.238505e-001 6.219792e-008
3.270890e-001 2.037771e-007
3.303599e-001 3.449532e-007
3.336635e-001 4.854450e-007
3.370001e-001 6.249729e-007
3.403701e-001 7.632587e-007
3.437738e-001 9.000272e-007
3.472115e-001 1.035006e-006
3.506837e-001 1.167925e-006
3.541905e-001 1.298521e-006
3.577324e-001 1.426533e-006
3.613097e-001 1.551706e-006
3.649228e-001 1.673789e-006
3.685721e-001 1.792541e-006
3.722578e-001 1.907724e-006
3.759804e-001 2.019107e-006
3.797402e-001 2.126470e-006
3.835376e-001 2.229598e-006
3.873729e-001 2.328285e-006
3.912467e-001 2.422334e-006
3.951591e-001 2.511557e-006
3.991107e-001 2.595776e-006
4.031018e-001 2.674823e-006
4.071328e-001 2.748540e-006
4.112042e-001 2.816780e-006
4.153162e-001 2.879405e-006
4.194694e-001 2.936291e-006
4.236641e-001 2.987324e-006
4.279007e-001 3.032402e-006
4.321797e-001 3.071434e-006
4.365015e-001 3.104342e-006
4.408665e-001 3.131059e-006
4.452752e-001 3.151533e-006
4.497280e-001 3.165721e-006
4.542252e-001 3.173594e-006
4.587675e-001 3.175137e-006
4.633552e-001 3.170345e-006
4.679887e-001 3.159229e-006
4.726686e-001 3.141808e-006
4.773953e-001 3.118117e-006
4.821692e-001 3.088204e-006
4.869909e-001 3.052127e-006
4.918608e-001 3.009957e-006
4.967794e-001 2.961777e-006
5.017472e-001 2.907685e-006
5.067647e-001 2.847786e-006
5.118324e-001 2.782200e-006
5.169507e-001 2.711056e-006
5.221202e-001 2.634497e-006
5.273414e-001 2.552675e-006
5.326148e-001 2.465752e-006
5.379410e-001 2.373902e-006
5.433204e-001 2.277307e-006
5.487536e-001 2.176159e-006
5.542411e-001 2.070661e-006
5.597835e-001 1.961021e-006
5.653814e-001 1.847460e-006
5.710352e-001 1.730202e-006
5.767455e-001 1.609483e-006
5.825130e-001 1.485542e-006
5.883381e-001 1.358627e-006
5.942215e-001 1.228991e-006
6.001637e-001 1.096893e-006
6.061653e-001 9.625960e-007
6.122270e-001 8.263689e-007
6.183493e-001 6.884835e-007
6.245327e-001 5.492152e-007
6.307781e-001 4.088423e-007
6.370859e-001 2.676451e-007
6.434567e-001 1.259061e-007
6.498913e-001 -1.609153e-008
6.563902e-001 -1.580638e-007
6.629541e-001 -2.997266e-007
6.695836e-001 -4.407967e-007
6.762795e-001 -5.809917e-007
6.830423e-001 -7.200309e-007
6.898727e-001 -8.576361e-007
6.967714e-001 -9.935316e-007
7.037391e-001 -1.127445e-006
7.107765e-001 -1.259108e-006
7.178843e-001 -1.388258e-006
7.250631e-001 -1.514634e-006
7.323138e-001 -1.637983e-006
7.396369e-001 -1.758058e-006
7.470333e-001 -1.874618e-006
7.545036e-001 -1.987429e-006
7.620486e-001 -2.096265e-006
7.696691e-001 -2.200905e-006
7.773658e-001 -2.301142e-006
7.851395e-001 -2.396771e-006
7.929909e-001 -2.487602e-006
8.009208e-001 -2.573451e-006
8.089300e-001 -2.654145e-006
8.170193e-001 -2.729522e-006
8.251895e-001 -2.799429e-006
8.334414e-001 -2.863725e-006
8.417758e-001 -2.922281e-006
8.501935e-001 -2.974978e-006
8.586955e-001 -3.021708e-006
8.672824e-001 -3.062377e-006
8.759553e-001 -3.096903e-006
8.847148e-001 -3.125214e-006
8.935620e-001 -3.147252e-006
9.024976e-001 -3.162973e-006
9.115226e-001 -3.172343e-006
9.206378e-001 -3.175342e-006
9.298442e-001 -3.171963e-006
9.391426e-001 -3.162211e-006
9.485340e-001 -3.146105e-006
9.580194e-001 -3.123675e-006
9.675996e-001 -3.094965e-006
9.772756e-001 -3.060031e-006
9.870483e-001 -3.018942e-006
9.969188e-001 -2.971780e-006
1.006888e+000 -2.918637e-006
1.016957e+000 -2.859620e-006
1.027126e+000 -2.794845e-006
1.037398e+000 -2.724442e-006
1.047772e+000 -2.648550e-006
1.058249e+000 -2.567322e-006
1.068832e+000 -2.480919e-006
1.079520e+000 -2.389513e-006
1.090315e+000 -2.293289e-006
1.101219e+000 -2.192437e-006
1.112231e+000 -2.087160e-006
1.123353e+000 -1.977669e-006
1.134587e+000 -1.864184e-006
1.145932e+000 -1.746931e-006
1.157392e+000 -1.626146e-006
1.168966e+000 -1.502072e-006
1.180655e+000 -1.374958e-006
1.192462e+000 -1.245059e-006
1.204387e+000 -1.112636e-006
1.216430e+000 -9.779559e-007
1.228595e+000 -8.412894e-007
1.240881e+000 -7.029118e-007
1.253289e+000 -5.631018e-007
1.265822e+000 -4.221411e-007
1.278481e+000 -2.803139e-007
1.291265e+000 -1.379063e-007
1.304178e+000 4.794320e-009
1.317220e+000 1.474998e-007
1.330392e+000 2.899218e-007
1.343696e+000 4.317726e-007
1.357133e+000 5.727651e-007
1.370704e+000 7.126143e-007
1.384411e+000 8.510369e-007
1.398255e+000 9.877526e-007
1.412238e+000 1.122484e-006
1.426360e+000 1.254959e-006
1.440624e+000 1.384907e-006
1.455030e+000 1.512065e-006
1.469580e+000 1.636175e-006
1.484276e+000 1.756984e-006
1.499119e+000 1.874247e-006
1.514110e+000 1.987724e-006
1.529251e+000 2.097185e-006
1.544544e+000 2.202405e-006
1.559989e+000 2.303171e-006
1.575589e+000 2.399276e-006
1.591345e+000 2.490524e-006
1.607258e+000 2.576727e-006
1.623331e+000 2.657709e-006
1.639564e+000 2.733303e-006
1.655960e+000 2.803354e-006
1.672520e+000 2.867718e-006
1.689245e+000 2.926261e-006
1.706137e+000 2.978862e-006
1.723199e+000 3.025412e-006
1.740431e+000 3.065814e-006
1.757835e+000 3.099983e-006
1.775413e+000 3.127847e-006
1.793167e+000 3.149346e-006
1.811099e+000 3.164435e-006
1.829210e+000 3.173079e-006
1.847502e+000 3.175259e-006
1.865977e+000 3.170967e-006
1.884637e+000 3.160208e-006
1.903483e+000 3.143003e-006
1.922518e+000 3.119383e-006
1.941743e+000 3.089393e-006
1.961161e+000 3.053091e-006
1.980772e+000 3.010550e-006
2.000580e+000 2.961852e-006
2.020586e+000 2.907094e-006
2.040792e+000 2.846385e-006
2.061200e+000 2.779846e-006
2.081812e+000 2.707611e-006
2.102630e+000 2.629823e-006
2.123656e+000 2.546640e-006
2.144893e+000 2.458229e-006
2.166342e+000 2.364769e-006
2.188005e+000 2.266446e-006
2.209885e+000 2.163462e-006
2.231984e+000 2.056024e-006
2.254304e+000 1.944349e-006
2.276847e+000 1.828666e-006
2.299615e+000 1.709207e-006
2.322611e+000 1.586218e-006
2.345838e+000 1.459947e-006
2.369296e+000 1.330653e-006
2.392989e+000 1.198599e-006
2.416919e+000 1.064055e-006
2.441088e+000 9.272955e-007
2.465499e+000 7.886011e-007
2.490154e+000 6.482557e-007
2.515055e+000 5.065470e-007
2.540206e+000 3.637659e-007
2.565608e+000 2.202058e-007
2.591264e+000 7.616194e-008
2.617177e+000 -6.806916e-008
2.643348e+000 -2.121902e-007
2.669782e+000 -3.559040e-007
2.696480e+000 -4.989135e-007
2.723445e+000 -6.409232e-007
2.750679e+000 -7.816392e-007
2.778186e+000 -9.207697e-007
2.805968e+000 -1.058026e-006
2.834027e+000 -1.193124e-006
2.862368e+000 -1.325781e-006
2.890991e+000 -1.455722e-006
2.919901e+000 -1.582676e-006
2.949100e+000 -1.706377e-006
2.978591e+000 -1.826567e-006
3.008377e+000 -1.942994e-006
3.038461e+000 -2.055413e-006
3.068845e+000 -2.163590e-006
3.099534e+000 -2.267295e-006
3.130529e+000 -2.366309e-006
3.161835e+000 -2.460424e-006
3.193453e+000 -2.549440e-006
3.225387e+000 -2.633168e-006
3.257641e+000 -2.711429e-006
3.290218e+000 -2.784056e-006
3.323120e+000 -2.850894e-006
3.356351e+000 -2.911797e-006
3.389915e+000 -2.966634e-006
3.423814e+000 -3.015285e-006
3.458052e+000 -3.057645e-006
3.492632e+000 -3.093618e-006
3.527559e+000 -3.123125e-006
3.562834e+000 -3.146097e-006
3.598463e+000 -3.162482e-006
3.634447e+000 -3.172239e-006
3.670792e+000 -3.175341e-006
3.707500e+000 -3.171777e-006
3.744575e+000 -3.161547e-006
3.782020e+000 -3.144667e-006
3.819841e+000 -3.121166e-006
3.858039e+000 -3.091087e-006
3.896619e+000 -3.054488e-006
3.935586e+000 -3.011439e-006
3.974941e+000 -2.962024e-006
4.014691e+000 -2.906342e-006
4.054838e+000 -2.844503e-006
4.095386e+000 -2.776632e-006
4.136340e+000 -2.702866e-006
4.177703e+000 -2.623355e-006
4.219480e+000 -2.538261e-006
4.261675e+000 -2.447759e-006
4.304292e+000 -2.352033e-006
4.347335e+000 -2.251281e-006
4.390808e+000 -2.145712e-006
4.434716e+000 -2.035544e-006
4.479064e+000 -1.921007e-006
4.523854e+000 -1.802337e-006
4.569093e+000 -1.679784e-006
4.614784e+000 -1.553603e-006
4.660932e+000 -1.424060e-006
4.707541e+000 -1.291425e-006
4.754616e+000 -1.155979e-006
4.802162e+000 -1.018007e-006
4.850184e+000 -8.778006e-007
4.898686e+000 -7.356572e-007
4.947673e+000 -5.918784e-007
4.997149e+000 -4.467699e-007
5.047121e+000 -3.006410e-007
5.097592e+000 -1.538040e-007
5.148568e+000 -6.572937e-009
5.200054e+000 1.407362e-007
5.252054e+000 2.878069e-007
5.304575e+000 4.343223e-007
5.357621e+000 5.799660e-007
5.411197e+000 7.244229e-007
5.465309e+000 8.673797e-007
5.519962e+000 1.008526e-006
5.575161e+000 1.147553e-006
5.630913e+000 1.284157e-006
5.687222e+000 1.418040e-006
5.744094e+000 1.548908e-006
5.801535e+000 1.676470e-006
5.859551e+000 1.800447e-006
5.918146e+000 1.920562e-006
5.977328e+000 2.036549e-006
6.037101e+000 2.148149e-006
6.097472e+000 2.255111e-006
6.158447e+000 2.357195e-006
6.220031e+000 2.454169e-006
6.282231e+000 2.545815e-006
6.345054e+000 2.631922e-006
6.408504e+000 2.712293e-006
6.472589e+000 2.786741e-006
6.537315e+000 2.855094e-006
6.602688e+000 2.917190e-006
6.668715e+000 2.972883e-006
6.735402e+000 3.022039e-006
6.802756e+000 3.064537e-006
6.870784e+000 3.100272e-006
6.939492e+000 3.129153e-006
7.008887e+000 3.151103e-006
7.078976e+000 3.166062e-006
7.149765e+000 3.173983e-006
7.221263e+000 3.174835e-006
7.293476e+000 3.168604e-006
7.366410e+000 3.155289e-006
7.440075e+000 3.134906e-006
7.514475e+000 3.107488e-006
7.589620e+000 3.073082e-006
7.665516e+000 3.031750e-006
7.742171e+000 2.983572e-006
7.819593e+000 2.928641e-006
7.897789e+000 2.867068e-006
7.976767e+000 2.798977e-006
8.056535e+000 2.724507e-006
8.137100e+000 2.643813e-006
8.218471e+000 2.557065e-006
8.300656e+000 2.464445e-006
8.383662e+000 2.366151e-006
8.467499e+000 2.262392e-006
8.552174e+000 2.153393e-006
8.637696e+000 2.039389e-006
8.724073e+000 1.920630e-006
8.811313e+000 1.797375e-006
8.899426e+000 1.669895e-006
8.988421e+000 1.538474e-006
9.078305e+000 1.403402e-006
9.169088e+000 1.264981e-006
9.260779e+000 1.123522e-006
9.353387e+000 9.793433e-007
9.446920e+000 8.327712e-007
9.541390e+000 6.841386e-007
9.636804e+000 5.337847e-007
9.733172e+000 3.820542e-007
9.830503e+000 2.292963e-007
9.928808e+000 7.586415e-008
1.002810e+001 -7.788583e-008
1.012838e+001 -2.315950e-007
1.022966e+001 -3.849031e-007
1.033196e+001 -5.374492e-007
1.043528e+001 -6.888723e-007
1.053963e+001 -8.388125e-007
1.064503e+001 -9.869115e-007
1.075148e+001 -1.132814e-006
1.085899e+001 -1.276166e-006
1.096758e+001 -1.416622e-006
1.107726e+001 -1.553837e-006
1.118803e+001 -1.687474e-006
1.129991e+001 -1.817203e-006
1.141291e+001 -1.942700e-006
1.152704e+001 -2.063652e-006
1.164231e+001 -2.179753e-006
1.175873e+001 -2.290706e-006
1.187632e+001 -2.396226e-006
1.199508e+001 -2.496041e-006
1.211503e+001 -2.589887e-006
1.223618e+001 -2.677517e-006
1.235855e+001 -2.758695e-006
1.248213e+001 -2.833200e-006
1.260695e+001 -2.900825e-006
1.273302e+001 -2.961380e-006
1.286035e+001 -3.014689e-006
1.298896e+001 -3.060595e-006
1.311884e+001 -3.098954e-006
1.325003e+001 -3.129644e-006
1.338253e+001 -3.152559e-006
1.351636e+001 -3.167610e-006
1.365152e+001 -3.174730e-006
1.378804e+001 -3.173868e-006
1.392592e+001 -3.164993e-006
1.406518e+001 -3.148096e-006
1.420583e+001 -3.123185e-006
1.434789e+001 -3.090290e-006
1.449137e+001 -3.049458e-006
1.463628e+001 -3.000761e-006
1.478264e+001 -2.944288e-006
1.493047e+001 -2.880147e-006
1.507977e+001 -2.808471e-006
1.523057e+001 -2.729408e-006
1.538288e+001 -2.643129e-006
1.553671e+001 -2.549823e-006
1.569207e+001 -2.449700e-006
1.584899e+001 -2.342987e-006
1.600748e+001 -2.229932e-006
1.616756e+001 -2.110800e-006
1.632923e+001 -1.985873e-006
1.649253e+001 -1.855454e-006
1.665745e+001 -1.719859e-006
1.682403e+001 -1.579421e-006
1.699227e+001 -1.434490e-006
1.716219e+001 -1.285431e-006
1.733381e+001 -1.132620e-006
1.750715e+001 -9.764510e-007
1.768222e+001 -8.173267e-007
1.785904e+001 -6.556632e-007
1.803763e+001 -4.918870e-007
1.821801e+001 -3.264343e-007
1.840019e+001 -1.597501e-007
1.858419e+001 7.712921e-009
1.877003e+001 1.754953e-007
1.895773e+001 3.431323e-007
1.914731e+001 5.101546e-007
1.933878e+001 6.760896e-007
1.953217e+001 8.404628e-007
1.972749e+001 1.002799e-006
1.992477e+001 1.162623e-006
2.012402e+001 1.319463e-006
2.032526e+001 1.472847e-006
2.052851e+001 1.622311e-006
2.073379e+001 1.767394e-006
2.094113e+001 1.907644e-006
2.115054e+001 2.042615e-006
2.136205e+001 2.171874e-006
2.157567e+001 2.294995e-006
2.179143e+001 2.411569e-006
2.200934e+001 2.521197e-006
2.222943e+001 2.623497e-006
2.245173e+001 2.718103e-006
2.267625e+001 2.804667e-006
2.290301e+001 2.882860e-006
2.313204e+001 2.952375e-006
2.336336e+001 3.012923e-006
2.359699e+001 3.064241e-006
2.383296e+001 3.106089e-006
2.407129e+001 3.138253e-006
2.431200e+001 3.160545e-006
2.455512e+001 3.172805e-006
2.480068e+001 3.174900e-006
2.504868e+001 3.166728e-006
2.529917e+001 3.148217e-006
2.555216e+001 3.119327e-006
2.580768e+001 3.080050e-006
2.606576e+001 3.030410e-006
2.632642e+001 2.970467e-006
2.658968e+001 2.900312e-006
2.685558e+001 2.820073e-006
2.712413e+001 2.729913e-006
2.739538e+001 2.630031e-006
2.766933e+001 2.520661e-006
2.794602e+001 2.402072e-006
2.822548e+001 2.274572e-006
2.850774e+001 2.138504e-006
2.879281e+001 1.994246e-006
2.908074e+001 1.842212e-006
2.937155e+001 1.682853e-006
2.966527e+001 1.516654e-006
2.996192e+001 1.344133e-006
3.026154e+001 1.165845e-006
3.056415e+001 9.823742e-007
3.086979e+001 7.943389e-007
3.117849e+001 6.023877e-007
3.149028e+001 4.071986e-007
3.180518e+001 2.094778e-007
3.212323e+001 9.958017e-009
3.244446e+001 -1.906029e-007
3.276891e+001 -3.914242e-007
3.309660e+001 -5.917039e-007
3.342756e+001 -7.906209e-007
3.376184e+001 -9.873377e-007
3.409946e+001 -1.181002e-006
3.444045e+001 -1.370752e-006
3.478486e+001 -1.555713e-006
3.513271e+001 -1.735008e-006
3.548403e+001 -1.907757e-006
3.583887e+001 -2.073079e-006
3.619726e+001 -2.230097e-006
3.655923e+001 -2.377944e-006
3.692483e+001 -2.515763e-006
3.729408e+001 -2.642712e-006
3.766702e+001 -2.757971e-006
3.804369e+001 -2.860742e-006
3.842412e+001 -2.950256e-006
3.880836e+001 -3.025779e-006
3.919645e+001 -3.086614e-006
3.958841e+001 -3.132108e-006
3.998430e+001 -3.161658e-006
4.038414e+001 -3.174713e-006
4.078798e+001 -3.170785e-006
4.119586e+001 -3.149448e-006
4.160782e+001 -3.110353e-006
4.202390e+001 -3.053225e-006
4.244414e+001 -2.977875e-006
4.286858e+001 -2.884206e-006
4.329726e+001 -2.772218e-006
4.373024e+001 -2.642017e-006
4.416754e+001 -2.493820e-006
4.460921e+001 -2.327965e-006
4.505531e+001 -2.144915e-006
4.550586e+001 -1.945270e-006
4.596092e+001 -1.729771e-006
4.642053e+001 -1.499310e-006
4.688473e+001 -1.254938e-006
4.735358e+001 -9.978718e-007
4.782712e+001 -7.295062e-007
4.830539e+001 -4.514188e-007
4.878844e+001 -1.653808e-007
4.927632e+001 1.266343e-007
4.976909e+001 4.224417e-007
5.026678e+001 7.196359e-007
5.076945e+001 1.015581e-006
5.127714e+001 1.307403e-006
5.178991e+001 1.591975e-006
5.230781e+001 1.865914e-006
5.283089e+001 2.125567e-006
5.335920e+001 2.367001e-006
5.389279e+001 2.585993e-006
5.443172e+001 2.778021e-006
5.497604e+001 2.938254e-006
5.552580e+001 3.061536e-006
5.608105e+001 3.142383e-006
5.664186e+001 3.174968e-006
5.720828e+001 3.153110e-006
5.778037e+001 3.070264e-006
5.835817e+001 2.919511e-006
5.894175e+001 2.693545e-006
5.953117e+001 2.384663e-006
6.012648e+001 1.984754e-006
6.072775e+001 1.485288e-006
6.133502e+001 8.773030e-007
6.194837e+001 1.513948e-007
6.256786e+001 -7.022932e-007
6.319354e+001 -1.694083e-006
6.382547e+001 -2.834773e-006
